{
 "cells": [
  {
   "cell_type": "code",
   "execution_count": 1,
   "metadata": {},
   "outputs": [],
   "source": [
    "import pandas as pd\n",
    "import numpy as np\n",
    "import plotly.express as px"
   ]
  },
  {
   "cell_type": "code",
   "execution_count": 2,
   "metadata": {},
   "outputs": [],
   "source": [
    "data_path = '../data/final_data.csv'\n",
    "data = pd.read_csv(data_path)\n",
    "term_counts = data.iloc[ : , 2 : ].sum(axis = 0).reset_index()\n",
    "term_counts.columns = ['term', 'count']"
   ]
  },
  {
   "cell_type": "code",
   "execution_count": 8,
   "metadata": {},
   "outputs": [
    {
     "data": {
      "application/vnd.plotly.v1+json": {
       "config": {
        "plotlyServerURL": "https://plot.ly"
       },
       "data": [
        {
         "alignmentgroup": "True",
         "bingroup": "x",
         "histfunc": "sum",
         "hovertemplate": "term=%{x}<br>sum of count=%{y}<extra></extra>",
         "legendgroup": "",
         "marker": {
          "color": "#636efa",
          "pattern": {
           "shape": ""
          }
         },
         "name": "",
         "offsetgroup": "",
         "orientation": "v",
         "showlegend": false,
         "type": "histogram",
         "x": [
          "cs.AI",
          "cs.CG",
          "cs.CL",
          "cs.CR",
          "cs.CV",
          "cs.CY",
          "cs.DC",
          "cs.DS",
          "cs.GR",
          "cs.GT",
          "cs.HC",
          "cs.IR",
          "cs.IT",
          "cs.LG",
          "cs.MA",
          "cs.MM",
          "cs.NA",
          "cs.NE",
          "cs.RO",
          "cs.SD",
          "cs.SI",
          "cs.SY",
          "eess.AS",
          "eess.IV",
          "eess.SP",
          "eess.SY",
          "math.IT",
          "math.NA",
          "math.OC",
          "math.ST",
          "physics.comp-ph",
          "physics.data-an",
          "q-bio.NC",
          "q-bio.QM",
          "stat.AP",
          "stat.CO",
          "stat.ME",
          "stat.ML",
          "stat.TH"
         ],
         "xaxis": "x",
         "y": [
          6219,
          128,
          1123,
          607,
          23532,
          213,
          240,
          167,
          1005,
          102,
          315,
          374,
          285,
          23397,
          312,
          420,
          140,
          1069,
          1551,
          151,
          434,
          407,
          156,
          1828,
          502,
          315,
          285,
          137,
          619,
          232,
          103,
          102,
          149,
          182,
          257,
          128,
          238,
          13170,
          232
         ],
         "yaxis": "y"
        }
       ],
       "layout": {
        "barmode": "relative",
        "legend": {
         "tracegroupgap": 0
        },
        "margin": {
         "t": 60
        },
        "template": {
         "data": {
          "bar": [
           {
            "error_x": {
             "color": "#2a3f5f"
            },
            "error_y": {
             "color": "#2a3f5f"
            },
            "marker": {
             "line": {
              "color": "#E5ECF6",
              "width": 0.5
             },
             "pattern": {
              "fillmode": "overlay",
              "size": 10,
              "solidity": 0.2
             }
            },
            "type": "bar"
           }
          ],
          "barpolar": [
           {
            "marker": {
             "line": {
              "color": "#E5ECF6",
              "width": 0.5
             },
             "pattern": {
              "fillmode": "overlay",
              "size": 10,
              "solidity": 0.2
             }
            },
            "type": "barpolar"
           }
          ],
          "carpet": [
           {
            "aaxis": {
             "endlinecolor": "#2a3f5f",
             "gridcolor": "white",
             "linecolor": "white",
             "minorgridcolor": "white",
             "startlinecolor": "#2a3f5f"
            },
            "baxis": {
             "endlinecolor": "#2a3f5f",
             "gridcolor": "white",
             "linecolor": "white",
             "minorgridcolor": "white",
             "startlinecolor": "#2a3f5f"
            },
            "type": "carpet"
           }
          ],
          "choropleth": [
           {
            "colorbar": {
             "outlinewidth": 0,
             "ticks": ""
            },
            "type": "choropleth"
           }
          ],
          "contour": [
           {
            "colorbar": {
             "outlinewidth": 0,
             "ticks": ""
            },
            "colorscale": [
             [
              0,
              "#0d0887"
             ],
             [
              0.1111111111111111,
              "#46039f"
             ],
             [
              0.2222222222222222,
              "#7201a8"
             ],
             [
              0.3333333333333333,
              "#9c179e"
             ],
             [
              0.4444444444444444,
              "#bd3786"
             ],
             [
              0.5555555555555556,
              "#d8576b"
             ],
             [
              0.6666666666666666,
              "#ed7953"
             ],
             [
              0.7777777777777778,
              "#fb9f3a"
             ],
             [
              0.8888888888888888,
              "#fdca26"
             ],
             [
              1,
              "#f0f921"
             ]
            ],
            "type": "contour"
           }
          ],
          "contourcarpet": [
           {
            "colorbar": {
             "outlinewidth": 0,
             "ticks": ""
            },
            "type": "contourcarpet"
           }
          ],
          "heatmap": [
           {
            "colorbar": {
             "outlinewidth": 0,
             "ticks": ""
            },
            "colorscale": [
             [
              0,
              "#0d0887"
             ],
             [
              0.1111111111111111,
              "#46039f"
             ],
             [
              0.2222222222222222,
              "#7201a8"
             ],
             [
              0.3333333333333333,
              "#9c179e"
             ],
             [
              0.4444444444444444,
              "#bd3786"
             ],
             [
              0.5555555555555556,
              "#d8576b"
             ],
             [
              0.6666666666666666,
              "#ed7953"
             ],
             [
              0.7777777777777778,
              "#fb9f3a"
             ],
             [
              0.8888888888888888,
              "#fdca26"
             ],
             [
              1,
              "#f0f921"
             ]
            ],
            "type": "heatmap"
           }
          ],
          "heatmapgl": [
           {
            "colorbar": {
             "outlinewidth": 0,
             "ticks": ""
            },
            "colorscale": [
             [
              0,
              "#0d0887"
             ],
             [
              0.1111111111111111,
              "#46039f"
             ],
             [
              0.2222222222222222,
              "#7201a8"
             ],
             [
              0.3333333333333333,
              "#9c179e"
             ],
             [
              0.4444444444444444,
              "#bd3786"
             ],
             [
              0.5555555555555556,
              "#d8576b"
             ],
             [
              0.6666666666666666,
              "#ed7953"
             ],
             [
              0.7777777777777778,
              "#fb9f3a"
             ],
             [
              0.8888888888888888,
              "#fdca26"
             ],
             [
              1,
              "#f0f921"
             ]
            ],
            "type": "heatmapgl"
           }
          ],
          "histogram": [
           {
            "marker": {
             "pattern": {
              "fillmode": "overlay",
              "size": 10,
              "solidity": 0.2
             }
            },
            "type": "histogram"
           }
          ],
          "histogram2d": [
           {
            "colorbar": {
             "outlinewidth": 0,
             "ticks": ""
            },
            "colorscale": [
             [
              0,
              "#0d0887"
             ],
             [
              0.1111111111111111,
              "#46039f"
             ],
             [
              0.2222222222222222,
              "#7201a8"
             ],
             [
              0.3333333333333333,
              "#9c179e"
             ],
             [
              0.4444444444444444,
              "#bd3786"
             ],
             [
              0.5555555555555556,
              "#d8576b"
             ],
             [
              0.6666666666666666,
              "#ed7953"
             ],
             [
              0.7777777777777778,
              "#fb9f3a"
             ],
             [
              0.8888888888888888,
              "#fdca26"
             ],
             [
              1,
              "#f0f921"
             ]
            ],
            "type": "histogram2d"
           }
          ],
          "histogram2dcontour": [
           {
            "colorbar": {
             "outlinewidth": 0,
             "ticks": ""
            },
            "colorscale": [
             [
              0,
              "#0d0887"
             ],
             [
              0.1111111111111111,
              "#46039f"
             ],
             [
              0.2222222222222222,
              "#7201a8"
             ],
             [
              0.3333333333333333,
              "#9c179e"
             ],
             [
              0.4444444444444444,
              "#bd3786"
             ],
             [
              0.5555555555555556,
              "#d8576b"
             ],
             [
              0.6666666666666666,
              "#ed7953"
             ],
             [
              0.7777777777777778,
              "#fb9f3a"
             ],
             [
              0.8888888888888888,
              "#fdca26"
             ],
             [
              1,
              "#f0f921"
             ]
            ],
            "type": "histogram2dcontour"
           }
          ],
          "mesh3d": [
           {
            "colorbar": {
             "outlinewidth": 0,
             "ticks": ""
            },
            "type": "mesh3d"
           }
          ],
          "parcoords": [
           {
            "line": {
             "colorbar": {
              "outlinewidth": 0,
              "ticks": ""
             }
            },
            "type": "parcoords"
           }
          ],
          "pie": [
           {
            "automargin": true,
            "type": "pie"
           }
          ],
          "scatter": [
           {
            "marker": {
             "colorbar": {
              "outlinewidth": 0,
              "ticks": ""
             }
            },
            "type": "scatter"
           }
          ],
          "scatter3d": [
           {
            "line": {
             "colorbar": {
              "outlinewidth": 0,
              "ticks": ""
             }
            },
            "marker": {
             "colorbar": {
              "outlinewidth": 0,
              "ticks": ""
             }
            },
            "type": "scatter3d"
           }
          ],
          "scattercarpet": [
           {
            "marker": {
             "colorbar": {
              "outlinewidth": 0,
              "ticks": ""
             }
            },
            "type": "scattercarpet"
           }
          ],
          "scattergeo": [
           {
            "marker": {
             "colorbar": {
              "outlinewidth": 0,
              "ticks": ""
             }
            },
            "type": "scattergeo"
           }
          ],
          "scattergl": [
           {
            "marker": {
             "colorbar": {
              "outlinewidth": 0,
              "ticks": ""
             }
            },
            "type": "scattergl"
           }
          ],
          "scattermapbox": [
           {
            "marker": {
             "colorbar": {
              "outlinewidth": 0,
              "ticks": ""
             }
            },
            "type": "scattermapbox"
           }
          ],
          "scatterpolar": [
           {
            "marker": {
             "colorbar": {
              "outlinewidth": 0,
              "ticks": ""
             }
            },
            "type": "scatterpolar"
           }
          ],
          "scatterpolargl": [
           {
            "marker": {
             "colorbar": {
              "outlinewidth": 0,
              "ticks": ""
             }
            },
            "type": "scatterpolargl"
           }
          ],
          "scatterternary": [
           {
            "marker": {
             "colorbar": {
              "outlinewidth": 0,
              "ticks": ""
             }
            },
            "type": "scatterternary"
           }
          ],
          "surface": [
           {
            "colorbar": {
             "outlinewidth": 0,
             "ticks": ""
            },
            "colorscale": [
             [
              0,
              "#0d0887"
             ],
             [
              0.1111111111111111,
              "#46039f"
             ],
             [
              0.2222222222222222,
              "#7201a8"
             ],
             [
              0.3333333333333333,
              "#9c179e"
             ],
             [
              0.4444444444444444,
              "#bd3786"
             ],
             [
              0.5555555555555556,
              "#d8576b"
             ],
             [
              0.6666666666666666,
              "#ed7953"
             ],
             [
              0.7777777777777778,
              "#fb9f3a"
             ],
             [
              0.8888888888888888,
              "#fdca26"
             ],
             [
              1,
              "#f0f921"
             ]
            ],
            "type": "surface"
           }
          ],
          "table": [
           {
            "cells": {
             "fill": {
              "color": "#EBF0F8"
             },
             "line": {
              "color": "white"
             }
            },
            "header": {
             "fill": {
              "color": "#C8D4E3"
             },
             "line": {
              "color": "white"
             }
            },
            "type": "table"
           }
          ]
         },
         "layout": {
          "annotationdefaults": {
           "arrowcolor": "#2a3f5f",
           "arrowhead": 0,
           "arrowwidth": 1
          },
          "autotypenumbers": "strict",
          "coloraxis": {
           "colorbar": {
            "outlinewidth": 0,
            "ticks": ""
           }
          },
          "colorscale": {
           "diverging": [
            [
             0,
             "#8e0152"
            ],
            [
             0.1,
             "#c51b7d"
            ],
            [
             0.2,
             "#de77ae"
            ],
            [
             0.3,
             "#f1b6da"
            ],
            [
             0.4,
             "#fde0ef"
            ],
            [
             0.5,
             "#f7f7f7"
            ],
            [
             0.6,
             "#e6f5d0"
            ],
            [
             0.7,
             "#b8e186"
            ],
            [
             0.8,
             "#7fbc41"
            ],
            [
             0.9,
             "#4d9221"
            ],
            [
             1,
             "#276419"
            ]
           ],
           "sequential": [
            [
             0,
             "#0d0887"
            ],
            [
             0.1111111111111111,
             "#46039f"
            ],
            [
             0.2222222222222222,
             "#7201a8"
            ],
            [
             0.3333333333333333,
             "#9c179e"
            ],
            [
             0.4444444444444444,
             "#bd3786"
            ],
            [
             0.5555555555555556,
             "#d8576b"
            ],
            [
             0.6666666666666666,
             "#ed7953"
            ],
            [
             0.7777777777777778,
             "#fb9f3a"
            ],
            [
             0.8888888888888888,
             "#fdca26"
            ],
            [
             1,
             "#f0f921"
            ]
           ],
           "sequentialminus": [
            [
             0,
             "#0d0887"
            ],
            [
             0.1111111111111111,
             "#46039f"
            ],
            [
             0.2222222222222222,
             "#7201a8"
            ],
            [
             0.3333333333333333,
             "#9c179e"
            ],
            [
             0.4444444444444444,
             "#bd3786"
            ],
            [
             0.5555555555555556,
             "#d8576b"
            ],
            [
             0.6666666666666666,
             "#ed7953"
            ],
            [
             0.7777777777777778,
             "#fb9f3a"
            ],
            [
             0.8888888888888888,
             "#fdca26"
            ],
            [
             1,
             "#f0f921"
            ]
           ]
          },
          "colorway": [
           "#636efa",
           "#EF553B",
           "#00cc96",
           "#ab63fa",
           "#FFA15A",
           "#19d3f3",
           "#FF6692",
           "#B6E880",
           "#FF97FF",
           "#FECB52"
          ],
          "font": {
           "color": "#2a3f5f"
          },
          "geo": {
           "bgcolor": "white",
           "lakecolor": "white",
           "landcolor": "#E5ECF6",
           "showlakes": true,
           "showland": true,
           "subunitcolor": "white"
          },
          "hoverlabel": {
           "align": "left"
          },
          "hovermode": "closest",
          "mapbox": {
           "style": "light"
          },
          "paper_bgcolor": "white",
          "plot_bgcolor": "#E5ECF6",
          "polar": {
           "angularaxis": {
            "gridcolor": "white",
            "linecolor": "white",
            "ticks": ""
           },
           "bgcolor": "#E5ECF6",
           "radialaxis": {
            "gridcolor": "white",
            "linecolor": "white",
            "ticks": ""
           }
          },
          "scene": {
           "xaxis": {
            "backgroundcolor": "#E5ECF6",
            "gridcolor": "white",
            "gridwidth": 2,
            "linecolor": "white",
            "showbackground": true,
            "ticks": "",
            "zerolinecolor": "white"
           },
           "yaxis": {
            "backgroundcolor": "#E5ECF6",
            "gridcolor": "white",
            "gridwidth": 2,
            "linecolor": "white",
            "showbackground": true,
            "ticks": "",
            "zerolinecolor": "white"
           },
           "zaxis": {
            "backgroundcolor": "#E5ECF6",
            "gridcolor": "white",
            "gridwidth": 2,
            "linecolor": "white",
            "showbackground": true,
            "ticks": "",
            "zerolinecolor": "white"
           }
          },
          "shapedefaults": {
           "line": {
            "color": "#2a3f5f"
           }
          },
          "ternary": {
           "aaxis": {
            "gridcolor": "white",
            "linecolor": "white",
            "ticks": ""
           },
           "baxis": {
            "gridcolor": "white",
            "linecolor": "white",
            "ticks": ""
           },
           "bgcolor": "#E5ECF6",
           "caxis": {
            "gridcolor": "white",
            "linecolor": "white",
            "ticks": ""
           }
          },
          "title": {
           "x": 0.05
          },
          "xaxis": {
           "automargin": true,
           "gridcolor": "white",
           "linecolor": "white",
           "ticks": "",
           "title": {
            "standoff": 15
           },
           "zerolinecolor": "white",
           "zerolinewidth": 2
          },
          "yaxis": {
           "automargin": true,
           "gridcolor": "white",
           "linecolor": "white",
           "ticks": "",
           "title": {
            "standoff": 15
           },
           "zerolinecolor": "white",
           "zerolinewidth": 2
          }
         }
        },
        "xaxis": {
         "anchor": "y",
         "domain": [
          0,
          1
         ],
         "title": {
          "text": "term"
         }
        },
        "yaxis": {
         "anchor": "x",
         "domain": [
          0,
          1
         ],
         "title": {
          "text": "sum of count"
         },
         "type": "log"
        }
       }
      }
     },
     "metadata": {},
     "output_type": "display_data"
    }
   ],
   "source": [
    "fig = px.histogram(term_counts[term_counts['count'] > 100], x=\"term\", y=\"count\", log_y=True)\n",
    "fig.show()\n",
    "\n",
    "# Only 38 terms with more than a 100 occurrences\n"
   ]
  },
  {
   "cell_type": "code",
   "execution_count": 4,
   "metadata": {},
   "outputs": [],
   "source": [
    "top_40_terms = term_counts[term_counts['count'] > 100].sort_values(by=['count'], ascending=False)[:40]\n",
    "top_40_terms.reset_index(inplace=True, drop=True)"
   ]
  },
  {
   "cell_type": "code",
   "execution_count": 5,
   "metadata": {},
   "outputs": [
    {
     "data": {
      "application/vnd.plotly.v1+json": {
       "config": {
        "plotlyServerURL": "https://plot.ly"
       },
       "data": [
        {
         "coloraxis": "coloraxis",
         "hovertemplate": "x: %{x}<br>y: %{y}<br>color: %{z}<extra></extra>",
         "name": "0",
         "type": "heatmap",
         "x": [
          "cs.CV",
          "cs.LG",
          "stat.ML",
          "cs.AI",
          "eess.IV",
          "cs.RO",
          "cs.CL",
          "cs.NE",
          "cs.GR",
          "math.OC",
          "cs.CR",
          "eess.SP",
          "cs.SI",
          "cs.MM",
          "cs.SY",
          "cs.IR",
          "eess.SY",
          "cs.HC",
          "cs.MA",
          "math.IT",
          "cs.IT",
          "stat.AP",
          "cs.DC",
          "stat.ME",
          "math.ST",
          "stat.TH",
          "cs.CY",
          "q-bio.QM",
          "cs.DS",
          "eess.AS",
          "cs.SD",
          "q-bio.NC",
          "cs.NA",
          "math.NA",
          "cs.CG",
          "stat.CO",
          "physics.comp-ph",
          "physics.data-an",
          "cs.GT"
         ],
         "xaxis": "x",
         "y": [
          "cs.CV",
          "cs.LG",
          "stat.ML",
          "cs.AI",
          "eess.IV",
          "cs.RO",
          "cs.CL",
          "cs.NE",
          "cs.GR",
          "math.OC",
          "cs.CR",
          "eess.SP",
          "cs.SI",
          "cs.MM",
          "cs.SY",
          "cs.IR",
          "eess.SY",
          "cs.HC",
          "cs.MA",
          "math.IT",
          "cs.IT",
          "stat.AP",
          "cs.DC",
          "stat.ME",
          "math.ST",
          "stat.TH",
          "cs.CY",
          "q-bio.QM",
          "cs.DS",
          "eess.AS",
          "cs.SD",
          "q-bio.NC",
          "cs.NA",
          "math.NA",
          "cs.CG",
          "stat.CO",
          "physics.comp-ph",
          "physics.data-an",
          "cs.GT"
         ],
         "yaxis": "y",
         "z": [
          [
           1,
           -0.7136044376330329,
           -0.6022738421739202,
           -0.19872771590807226,
           0.16215525304765865,
           0.02278847518679521,
           -0.031708407229312216,
           -0.0655141229261679,
           0.11968981819644212,
           -0.11637947276029706,
           -0.06430370779707194,
           -0.0934476932811675,
           -0.11156221640697268,
           0.0802252696549663,
           -0.10506149795337634,
           -0.046630242532201514,
           -0.09484292478833778,
           -0.005415815270294231,
           -0.0830253220328009,
           -0.07655761470220245,
           -0.07655761470220245,
           -0.06941304733401969,
           -0.0533422410797167,
           -0.08127086089586062,
           -0.08399719378737243,
           -0.08399719378737243,
           -0.05633256464513053,
           -0.036778402709493695,
           -0.06109228875270003,
           -0.012730215970675644,
           -0.016301946987097866,
           -0.020376540681629203,
           -0.037744754881278875,
           -0.03669855136729764,
           0.021134182314058864,
           -0.055452328276732334,
           -0.04290675122905093,
           -0.04255387233141984,
           -0.049454661693078376
          ],
          [
           -0.7136044376330329,
           1,
           0.5325467249825816,
           0.22240825376968149,
           0.006313227615081296,
           0.014558010098495552,
           0.06230568006910889,
           0.1098805843534068,
           -0.06974195854180985,
           0.0869231408905439,
           0.08524798943303243,
           0.07913466401999371,
           0.08530367156067678,
           -0.05804834577474437,
           0.07979790241047525,
           0.046420059894356235,
           0.07552278849417067,
           0.012587728295319317,
           0.07006743744959482,
           0.05693424801595437,
           0.05693424801595437,
           0.03499107762053545,
           0.04625998626973506,
           0.038143249912295285,
           0.044780308251482506,
           0.044780308251482506,
           0.04588639820761432,
           0.03454818789314354,
           0.04492246339049895,
           0.02753519119893576,
           0.027041951661082263,
           0.017546881339385305,
           0.028279624610686303,
           0.025781632265549984,
           -0.004022347187954243,
           0.027639634320314136,
           0.035874313977159934,
           0.026758481731533144,
           0.03956251056774153
          ],
          [
           -0.6022738421739202,
           0.5325467249825816,
           1,
           0.04187981454981021,
           -0.09686985082054249,
           -0.042366809019383944,
           0.005941498928052245,
           0.04510603488578985,
           -0.0845636380080451,
           0.10026791659990855,
           0.03466518277964046,
           0.03546618340883259,
           0.06089214730629165,
           -0.06528223574679422,
           0.0279372009109914,
           0.021743890836223592,
           0.010433619770754417,
           -0.009277152780329494,
           0.02666148993770891,
           0.06279835972947147,
           0.06279835972947147,
           0.06276209269703201,
           0.0146332958586702,
           0.09133540482688376,
           0.0896618603978568,
           0.0896618603978568,
           0.02105384882949003,
           0.01876176268283542,
           0.0480681290794322,
           0.0027215749004752404,
           0.0032790179292913834,
           0.02378840081774262,
           0.010119726149098554,
           0.008383618586977601,
           -0.007339714646285217,
           0.07118926482128851,
           0.026179247383919326,
           0.02035948116627417,
           0.02035948116627405
          ],
          [
           -0.19872771590807226,
           0.22240825376968149,
           0.04187981454981021,
           1,
           -0.06633040184998178,
           0.08236012450514624,
           0.03320370757588162,
           0.047286537180738095,
           -0.028324545545646305,
           0.00151208357244669,
           -0.0036448354930911937,
           -0.020794721952804632,
           -0.013549410353981575,
           0.023419875996530854,
           0.041580472647210424,
           0.004743241500491242,
           0.03543206400276158,
           0.025314813789032834,
           0.08834515117149448,
           -0.003231449861280506,
           -0.003231449861280506,
           -0.015266497834496386,
           -0.011730925818528823,
           -0.015982691102983813,
           -0.016273620193530847,
           -0.016273620193530847,
           0.018810184432338922,
           -0.011682018273643964,
           0.003021774542805326,
           -0.012704169165958092,
           -0.007579467512037204,
           -0.0005139050851278782,
           -0.015258556620038638,
           -0.016069304719181957,
           -0.01253448749118048,
           -0.017406855586462343,
           -0.007496883873003668,
           -0.004599664474456736,
           0.021318330508192283
          ],
          [
           0.16215525304765865,
           0.006313227615081296,
           -0.09686985082054249,
           -0.06633040184998178,
           1,
           -0.0016757744896633404,
           -0.02442768554015135,
           -0.007676999608391506,
           0.019468395920675546,
           -0.021723582750899275,
           -0.006739411378641387,
           0.0094141392781541,
           -0.021041503867810465,
           0.022757990682471287,
           -0.02148740612402821,
           -0.011890158118815717,
           -0.018882247050723243,
           -0.0012907558063467266,
           -0.017431796179379004,
           -0.013687694878574385,
           -0.013687694878574385,
           -0.003569868651874079,
           -0.007173555792261804,
           -0.01639754983502498,
           -0.016188355005110924,
           -0.016188355005110924,
           -0.008933496780213154,
           0.0158856115035992,
           -0.013723764674002707,
           0.01552506332049098,
           0.008408855850695956,
           0.006675305443395307,
           -0.0024340321920577213,
           -0.0021883550087575397,
           -0.005655282558118796,
           -0.00989122705276131,
           -0.0036884829478759738,
           -0.008345114456407812,
           -0.010716968531468826
          ],
          [
           0.02278847518679521,
           0.014558010098495552,
           -0.042366809019383944,
           0.08236012450514624,
           -0.0016757744896633404,
           1,
           -0.018174402008643162,
           -0.0009455170221433245,
           0.005973391674425168,
           -0.00866387595017093,
           -0.02202923263140941,
           -0.004495645956593155,
           -0.02037385232095924,
           -0.012422515069089922,
           0.07181987219095541,
           -0.014865840406437581,
           0.055864609229139564,
           0.02365804925689512,
           0.03423281433413181,
           -0.010326125781722218,
           -0.010326125781722218,
           -0.009165950785512704,
           -0.013439264072605765,
           -0.013368802135033657,
           -0.011451193878942337,
           -0.011451193878942337,
           -0.012456560775306129,
           -0.013153094766992057,
           -0.01259711875538815,
           0.00028376569009727295,
           0.002795154185877272,
           -0.00977202759256057,
           -0.00714768550998851,
           -0.011405513000758732,
           0.009598421750853372,
           -0.011023309808484224,
           -0.009885387961582386,
           -0.009837164108796731,
           -0.004705238923102388
          ],
          [
           -0.031708407229312216,
           0.06230568006910889,
           0.005941498928052245,
           0.03320370757588162,
           -0.02442768554015135,
           -0.018174402008643162,
           1,
           0.019603617298266474,
           -0.021594594075100143,
           -0.020640301704029883,
           -0.008064666480648651,
           -0.017202225042396126,
           -0.002643677687952531,
           0.02310435239758218,
           -0.015186000171695897,
           0.07515728406613632,
           -0.012958016023647505,
           0.005865586143378772,
           -0.004282411163659895,
           -0.006754574306275625,
           -0.006754574306275625,
           -0.013240730238011183,
           0.0067940855844790555,
           -0.010772099824431803,
           -0.010584455131946363,
           -0.010584455131946363,
           -0.0016555010068339308,
           -0.006637017226637944,
           -0.005969773706194575,
           0.06250538697378855,
           0.05646361338241971,
           -0.010068560631347041,
           -0.004635897079854879,
           -0.007064011255904276,
           -0.009329714699458681,
           -0.006651341989725739,
           -0.005381750184127802,
           -0.0083258056047913,
           -0.0053263757330600766
          ],
          [
           -0.0655141229261679,
           0.1098805843534068,
           0.04510603488578985,
           0.047286537180738095,
           -0.007676999608391506,
           -0.0009455170221433245,
           0.019603617298266474,
           1,
           -0.01289971350150833,
           -0.0025542701131277094,
           -0.009788105467690197,
           -0.000006070110213826715,
           -0.003353937330748365,
           -0.010456944006502192,
           0.0022486028569261283,
           -0.0027180348805634115,
           -0.0020333748030140044,
           0.0014721186743605614,
           -0.0054283663443026806,
           0.004820635220063039,
           0.004820635220063039,
           -0.009031581766833705,
           0.013607517860426207,
           -0.004362336012463624,
           -0.006141224428088129,
           -0.006141224428088129,
           -0.007488830371912583,
           -0.006249727785647488,
           0.008827830547470956,
           -0.00010240642619498311,
           0.0027496564221438395,
           0.04359304546806971,
           -0.004267718653564184,
           -0.004107934670981559,
           -0.006353180047994193,
           -0.0063531800479942994,
           0.004071601090127564,
           0.004171046896237412,
           0.004171046896237504
          ],
          [
           0.11968981819644212,
           -0.06974195854180985,
           -0.0845636380080451,
           -0.028324545545646305,
           0.019468395920675546,
           0.005973391674425168,
           -0.021594594075100143,
           -0.01289971350150833,
           1,
           -0.015617207819841978,
           -0.015386859969859156,
           -0.016098827178674856,
           -0.016288657459514532,
           0.04036481552292453,
           -0.015768634615682654,
           -0.0068154085059759974,
           -0.013856826307804094,
           0.0240745696734793,
           -0.013790178447982918,
           -0.009379146088018002,
           -0.009379146088018002,
           -0.010509118690202173,
           -0.00794929893656258,
           -0.01203341950389329,
           -0.011879900888506968,
           -0.011879900888506968,
           -0.00479889721365134,
           -0.010515745957953527,
           -0.010071249616954383,
           -0.004609177279303981,
           -0.004367535928108842,
           -0.009510934182674291,
           0.007003479975909181,
           -0.0009197054648637061,
           0.07882695543023763,
           -0.008813007707717334,
           0.004699196109879001,
           -0.0046987178532678685,
           -0.00786469804615122
          ],
          [
           -0.11637947276029706,
           0.0869231408905439,
           0.10026791659990855,
           0.00151208357244669,
           -0.021723582750899275,
           -0.00866387595017093,
           -0.020640301704029883,
           -0.0025542701131277094,
           -0.015617207819841978,
           1,
           -0.008454119229420973,
           0.004491776191826573,
           0.0009573934778035384,
           -0.012513562136432661,
           0.0885535154699759,
           -0.009698114044091162,
           0.06705652432143785,
           -0.010823160453931068,
           0.032957029866800526,
           0.04507537197132916,
           0.04507537197132916,
           0.013037873751793346,
           0.02988823213165094,
           0.009030066863190146,
           0.04938062075284038,
           0.04938062075284038,
           -0.006106822349292995,
           -0.002196391954692719,
           0.036096607252496166,
           -0.007601855963829553,
           -0.007478584448857121,
           -0.007428711628425824,
           0.02365688193997966,
           0.017138066436128536,
           -0.0068835817367960146,
           0.01821240457750101,
           -0.006172998601664938,
           0.001886900273252231,
           0.054080503799514824
          ],
          [
           -0.06430370779707194,
           0.08524798943303243,
           0.03466518277964046,
           -0.0036448354930911937,
           -0.006739411378641387,
           -0.02202923263140941,
           -0.008064666480648651,
           -0.009788105467690197,
           -0.015386859969859156,
           -0.008454119229420973,
           1,
           -0.006214096496045301,
           0.02094785257024519,
           -0.004367889387988209,
           -0.006083824651454484,
           -0.005312955587216891,
           -0.006090618980461454,
           -0.0037778505573230338,
           -0.008340838019459286,
           0.011685655554618358,
           0.011685655554618358,
           -0.007113928668563694,
           0.02242095930741234,
           -0.009306026911776103,
           -0.009187303520990831,
           -0.009187303520990831,
           0.013671267532745146,
           -0.008132336352975549,
           0.004893941648115646,
           -0.004246625176530842,
           -0.0040709115265886745,
           -0.007355266674735509,
           -0.007128887828906598,
           -0.007051836061667531,
           -0.00319565514936836,
           -0.006815526282880211,
           -0.006111968423202286,
           -0.006082152429473308,
           0.014186777227360819
          ],
          [
           -0.0934476932811675,
           0.07913466401999371,
           0.03546618340883259,
           -0.020794721952804632,
           0.0094141392781541,
           -0.004495645956593155,
           -0.017202225042396126,
           -0.000006070110213826715,
           -0.016098827178674856,
           0.004491776191826573,
           -0.006214096496045301,
           1,
           0.008062068590482451,
           -0.006848004999474839,
           0.01800508123897476,
           -0.008280165718533895,
           0.02074588689124687,
           0.020745886891246432,
           0.0081778766797495,
           0.04946906442450331,
           0.04946906442450331,
           0.019314357119985335,
           -0.002673396826482187,
           0.00030574957045041967,
           0.0005254540346662875,
           0.0005254540346662875,
           -0.004908495215704076,
           0.002622033300708891,
           -0.0035918577421808575,
           -0.0032338139472488986,
           -0.003064031033602347,
           0.019118311666595552,
           0.001128741465689252,
           0.0012812405976346541,
           -0.0022147369150306434,
           -0.002214736915030608,
           0.0033094421748770106,
           0.012283497839955455,
           -0.001072135969905832
          ],
          [
           -0.11156221640697268,
           0.08530367156067678,
           0.06089214730629165,
           -0.013549410353981575,
           -0.021041503867810465,
           -0.02037385232095924,
           -0.002643677687952531,
           -0.003353937330748365,
           -0.016288657459514532,
           0.0009573934778035384,
